42244    4.303378507998014
43333    12.472690275416626
44423    3.2291273020303035
42245    4.141523265890635
43334    12.350381357528866
44422    1.6307729431045161
42246    4.82700038993683
43335    12.469588109219226
44425    2.2481699969326447
43336    12.768147121431412
44424    1.6589731359875932
42241    3.5703153388329185
42242    4.022701882235968
43331    12.239564144923813
44421    1.4044516935239675
42243    4.200081919889893
43332    12.246969931747294
44426    1.8027590930067725
31113    1.8540911679736127
32445    19.15539036911998
31112    1.9695502359415649
32446    19.27240951857137
31115    1.9059578678750853
32443    19.030230350016822
31114    1.7870693231762762
32444    19.00155138237502
32441    19.142231638189312
32442    19.134215717343093
31111    1.926989368981074
31116    1.8850315307195888
21314    14.362337479731044
41143    -0.029355904473931736
42233    6.258656280425633
43322    12.72168260475248
44412    0.06190414542110459
21313    14.190022966156098
41142    -0.031495304946585444
42234    6.433868077110719
43323    12.611122869090934
44411    0.07527948569947976
21312    14.311544248452313
41141    -0.032261534933381596
42235    6.597158723069653
43324    12.761365697071204
44414    0.024239598833825572
21311    14.287869219596658
42236    6.397505070344409
43325    12.761377807731215
44413    0.0626987280102774
41146    -0.036621104820868146
41145    -0.029727148533009222
42231    6.221645902094381
41144    -0.05523334770040892
42232    6.315665448755133
43321    12.615269394215906
43326    12.697977076179363
44416    0.03797817145281592
44415    0.14855420886151943
21316    14.341378053521833
21315    14.49365030375483
31344    10.883666148684675
32434    19.607916482031662
31343    10.861087221135996
32435    19.52487037574722
31346    11.28162625915278
32432    19.51730040426768
31345    10.954813070378409
32433    19.54178631329828
32431    19.50584923299841
31342    10.890839693571184
31341    10.83677219749515
32436    19.470493009348512
41132    -0.09090846788592055
42222    7.45359105216515
43311    13.43803585538961
41131    -0.07392703649521994
42223    7.4233632615173315
43312    13.395436346605385
42224    7.4381063348494
43313    13.50660476691815
42225    7.458796505988337
43314    13.40791378387109
41136    -0.08359198560388445
41135    -0.09866752913221397
41134    -0.07645751294842847
41133    -0.0539698538700679
42221    7.439274704047913
42226    7.461374555205229
43315    13.51854798513724
43316    13.513892996201896
31333    12.695889317256228
32423    19.53287328724931
31332    12.576033640570065
32424    19.52713663321056
31335    12.667191719597795
32421    19.3629894026215
31334    12.73182285267952
32422    19.398588548324142
31331    12.672894727118049
31336    12.86541081100877
32425    19.534154641137576
32426    19.558692832177243
41121    0.7650080836227676
42211    8.650220984730842
42212    8.765861488425285
42213    8.658689421679187
42214    8.636870186687299
41125    0.8238286514163847
41124    0.9261082620600583
41123    0.8996307665953739
41122    0.7965579849531621
41126    1.078667332024085
42215    8.639843802998879
42216    8.647849143949498
31322    13.760883206463825
32412    20.84990318029259
31321    13.873139194821738
32413    20.758409851556316
31324    13.93602317600486
31323    13.943414511043823
32411    20.80380221442729
31326    13.916711611630646
32416    21.25017167440249
31325    13.902731616004498
32414    20.95273156556383
32415    20.991972653079586
42442    18.788827890022812
42443    18.693617850219784
42444    18.691926559307113
42445    18.63870134876212
41114    2.278574737822474
41113    2.2385078498850794
41112    2.2946725566944117
41111    2.2908591510261522
42441    18.568501413215124
41116    2.294946766348221
41115    2.279658803848395
42446    18.636884648344775
31311    14.314773764168525
31313    14.592772064814145
31312    14.616163727149454
31315    14.575329659582716
31314    14.590083294629174
31316    14.758580074169625
41341    10.69455058075129
42431    19.634653581861784
42432    19.568248887771578
42433    19.589790049997823
42434    19.598238183585526
41345    11.149600540205231
41344    10.765388029205699
41343    10.704194190607335
41342    10.584607131686935
41346    10.698371528003834
42435    19.61992365939091
42436    19.63655530963207
42421    20.28234888496959
42422    20.307151804749324
42423    20.360482273216345
41334    12.647324058948739
41333    12.709914818526574
41332    12.664257013331126
41331    12.641655655840259
41336    12.657720542334157
41335    12.663952607715364
42424    20.29034357352613
42425    20.30753230643223
42426    20.311980430783418
42411    20.890859845351066
42412    20.900023805997588
41323    13.3849362429989
41322    13.208473245517872
41321    13.29410574037502
41326    13.3786022735468
41325    13.380303246824829
41324    13.374419583046055
42413    20.822547805389775
42414    20.93232352137668
42415    20.931886918510642
42416    20.90678404916943
21146    0.06571102490328944
21145    0.031277449744559066
21144    0.050284298303525675
21143    0.01628286122340915
21142    -0.06180871447806445
22231    6.332491162468649
22232    6.240575801671331
23321    13.385373560993067
33131    -0.2729115659620188
22233    6.146128350912338
23322    13.396761938093851
24412    0.0
22234    6.211477413424096
23323    13.256932273697016
24411    0.0
22235    6.330266642939386
23324    13.359055078986183
24414    0.0
22236    6.406816767516555
23325    13.410120701274797
24413    0.0
23326    13.581282618228176
24416    0.0
24415    0.0
33136    -0.22257032025281343
34226    1.7342460242300761
34225    1.1976442764054167
33134    -0.20913857537157501
34224    1.1073291539682013
33135    -0.2324108333747119
34223    1.4210658873912838
33132    -0.31147052135502007
34222    1.0776427171827632
33133    -0.21865370791220273
34221    1.1129665587500683
11342    9.88315043109496
12432    19.110244018472283
21141    0.060920092483218655
11341    10.099390438148864
12433    19.085857942222322
11344    10.045828291147835
11343    10.069816302487148
12431    19.082698513875854
11346    10.667411303946642
12436    18.995982280198938
11345    10.414630375235902
12434    19.15543224949281
12435    19.113032327102655
22242    3.75800640864239
23331    11.918863519204802
24421    0.6689364658661221
22243    3.7331817873260578
23332    12.002443771778593
22244    3.723288827917661
23333    11.808193498476165
24423    0.3777920105564917
22245    4.272174650464382
23334    11.93089286777549
24422    0.2731412013183383
22246    3.696500916076212
23335    12.113821480288195
24425    0.1506118359863669
23336    12.037008001703553
24424    0.4864969152608288
24426    0.5559926121345683
34216    2.1929709242908286
33125    1.215181324622231
34215    1.2637038394225442
33126    1.1956870649467366
34214    0.8285006559717605
33123    1.0331459048625782
34213    0.9363996146304233
33124    1.097527869039798
34212    1.087315375890189
33121    1.138961188347496
34211    1.1374565382137558
22241    3.8792445079326154
33122    1.1268575317865213
11111    2.6602486395673077
12443    19.159896454463166
12444    19.148058455816486
11113    2.650982774590437
12441    19.07783834514047
11112    2.640079660269877
12442    19.111366767211535
11115    2.757188135127694
11114    2.773597761818977
12445    19.211460743852975
11116    2.7419856155512807
12446    19.167661116820874
21126    1.5870301215689568
44246    0.7164063999406816
21125    1.307294201496991
21124    1.4765507961187394
21123    1.451942248601146
44243    0.1978002608611696
21122    1.322042008216576
44242    0.5481446047925362
21121    1.2707798032405282
44245    0.5113055153350295
44244    0.3217149660890151
22211    8.442904868060634
22212    8.514731011176902
22213    8.51462639602751
22214    8.5364052021303
22215    8.515099748128879
22216    8.515595290384914
33116    1.971739366035519
12416    20.984701018195047
33114    1.9228021046891763
34446    8.341006667749463
33115    1.9817405873459382
34445    5.127925252303295
33112    1.9805253530607696
34444    4.838440441720964
33113    1.9764165846862554
34443    5.203876857905027
34442    6.272792232624467
33111    1.9529772395183809
34441    5.499896117937503
12411    20.961492238901435
11322    13.834516836159926
44241    0.4419876906126313
11321    13.968722321127785
11324    13.882584025266985
12414    21.03360270695886
11323    13.898077641255037
12415    20.92529770122271
11326    13.969174456971988
12412    20.95513233778983
11325    13.874967062972514
12413    20.881453792806976
43146    -0.3247952136968592
44236    0.042840666528220654
44235    0.04078379368137052
21136    0.043463209582139395
21135    0.1372837003841979
21134    -0.21133844324868845
43142    -0.3287385445842779
44232    0.034613876070691926
21133    0.011047756085261231
43143    -0.34238012673280904
44231    0.05541286551446123
21132    0.045420997429925954
43144    -0.3851730403452829
44234    0.10918122400922967
21131    -0.015717985963591037
43145    -0.341834037647243
44233    0.09600932483944766
22221    7.285723223360842
22222    7.273802260564135
23311    13.297541100932598
22223    7.267909342264757
23312    13.30454933039395
22224    7.166293392113007
23313    12.983530625485598
22225    7.395027596003297
23314    13.18413126757321
22226    7.333321434694065
23315    13.449305568464043
23316    13.397108388347867
34436    3.6630733438533962
33345    10.684408777586487
34435    5.44036757663138
33346    10.431271778299227
34434    3.010223321583477
33343    10.090306405266501
34433    3.418072028017807
33344    10.17484261396744
34432    3.2123805803418564
33341    10.259700039903889
34431    3.327684100446689
33342    10.278481998738279
11331    12.543944640981206
12421    19.800705633842938
12422    19.91127506915775
11333    12.464100163553072
11332    12.795762471152791
43141    -0.32941846144595754
11335    12.451384667941992
12425    19.925710110507897
11334    12.484765609101709
12426    19.948396671050656
12423    19.77659363044477
11336    12.600474215922691
12424    19.933149267877873
43135    0.13988562613164296
44225    0.5140340603483473
21346    11.291649357875007
43136    0.3372769945277668
44224    0.5145117454924073
21345    10.859822139436089
21344    10.942278682196267
44226    0.5544799360898636
21343    10.914076233389315
43131    -0.0500892595064206
44221    0.6361109049886583
21342    10.925148671988968
43132    -0.20369217313283192
21341    11.015217878362908
43133    0.03823502804376451
44223    1.2405009559722695
43134    0.0549949332249975
44222    0.6221185478213047
22431    19.825804138205655
22432    19.672340655409858
22433    19.72148492633647
22434    19.862000512735424
22435    19.68142485942594
22436    19.6741062732745
33336    12.334515981772196
34426    0.10675798918278442
34425    0.05691799211600496
32245    3.0943968370696555
33334    12.363615838032645
34424    0.0195702776642023
32246    3.960159413417803
33335    12.269106690178237
34423    0.4029134203069349
32243    2.885584974177489
33332    12.324774286502201
34422    0.04657108863663573
32244    2.9318954736297678
33333    12.272784288613128
34421    0.10685964281995597
32241    3.200151626132344
32242    3.1087325183906134
33331    12.406163790513284
21116    2.88342612933872
43124    1.0023741656905847
44214    1.4269913883150869
21115    2.8030150026034057
43125    1.0985815278517683
44213    1.5578838873761518
21114    2.866218998411747
43126    1.0479491775754626
44216    1.447946398932892
21113    2.794362494053378
44215    1.1864598202704
21112    2.8131135154720215
21111    2.8456378926621597
43121    0.9575837702158423
43122    0.9717294413690758
44212    1.259246181126629
43123    0.9969807259895763
44211    1.9293851075217747
22441    18.891684773525643
22442    18.87998939615012
22443    18.886952553350866
22444    18.69444838025715
22445    18.795879315867808
22446    19.014169347819944
31146    -0.3224369826720993
32236    6.678149789902381
33325    13.310566870983626
34415    0.12334121245457841
11316    14.28579346077033
31145    -0.31112075239445136
33326    13.490180776136949
34414    0.0
32234    6.7158745556267645
33323    13.281974949257787
34413    0.0426864893449933
32235    6.884397751593351
33324    13.375112832159937
34412    0.0
31142    -0.35482894507293444
32232    6.6483133427820205
33321    13.28305597128191
34411    0.0
31141    -0.3129983979186217
32233    6.703477813051134
33322    13.390740650887357
31144    -0.5237001057729228
31143    -0.33788588548942045
32231    6.685307556818277
11311    14.28829441166104
11313    14.185635122764022
11312    14.273429230314191
11315    14.17300944103861
11314    14.18869885292138
34416    0.08330851552000004
21325    14.479195884123255
22415    21.850279206796877
43113    2.197428506799481
44445    8.673127913541643
21324    14.149099771054724
22416    21.84939769612946
43114    2.230057653013747
44444    5.781608542606537
21323    14.269857300847553
43115    2.229212504243073
21322    14.276885259169333
43116    2.3263070118351346
44446    5.960553618701804
21321    14.28599493353113
44441    5.716580330985497
43111    2.2586586131406077
44443    5.528774432262875
43112    2.160175371558038
44442    5.260861207160285
22411    21.848770761351133
22412    21.731322231284146
22413    21.76672113667031
21326    14.114241604546143
22414    21.845978381158954
31135    -0.22741457151786804
32225    7.635085775506284
33314    13.13883584095257
31134    -0.20975750157267029
32226    7.718809750031029
33315    13.465036230447883
32223    7.392022138782367
33312    13.481691821602206
31136    -0.21460770575036064
32224    7.396991783801369
33313    13.075450719903936
31131    -0.2023731884670152
32221    7.621367885209177
32222    7.5996374321806
33311    13.438734201056253
31133    -0.17264053568592358
31132    -0.2607478596700865
33316    13.543323451554292
21336    12.901350710989593
22426    19.658103826497204
43344    9.102526328875875
44434    2.1590740806384154
21335    12.85262444800809
43345    9.48512909185336
44433    2.007570174813732
21334    12.719968273351222
43346    10.223186937727515
44436    2.21785233206935
21333    12.732134169515765
44435    2.1943090980644553
21332    12.675055643048452
21331    12.673689931683109
43341    8.929927770730915
43342    9.16163529682676
44432    3.5906652404774606
43343    9.388715704611016
44431    2.402648203483156
22421    19.719259955191067
22422    19.66082196375539
22423    19.648931681453895
22424    19.63715043475664
22425    19.654964087545814
31124    1.876427636779193
32214    8.531192117441446
31123    1.953002374914355
32215    8.585256280421984
31126    1.9563621150732078
32212    8.595425444980803
31125    2.0943483457417273
32213    8.622204349672446
32211    8.784681487092532
31122    1.8864466570328848
31121    1.8504806035514534
32216    8.595662755332368
13242    1.6036507708001282
14331    1.8965252703816184
13243    1.6505092829346044
14332    1.6688299672444629
13241    1.4688271838844316
24134    0.08668682343368196
24135    0.04194965003142079
24136    0.042032557429107206
24131    0.0366040657370213
24132    0.037156318097761605
24133    -0.027001503750919864
13246    2.133666239182184
14335    1.8420903602575363
14336    1.938730546159602
13244    1.6438998549099635
14333    3.5445117266575275
13245    1.6468579338493898
14334    2.053615192477691
14342    1.3427474393056738
14343    0.6949073403257424
14341    1.1947569370249869
24145    0.0
24146    0.0
24141    0.0
24142    0.0
24143    0.0
24144    0.0
14346    1.5562754784980963
14344    0.9044409910384703
14345    1.116349329745994
13221    6.971341310579385
12132    0.6781222815028078
12131    0.616966365873
24112    0.30579151621151557
24113    0.2694511316498246
24114    0.2155162284985296
24115    0.4162052780014982
24116    0.33574298211333176
24111    0.36295973298534195
12134    0.6630218264705477
13224    7.113555130342434
14313    2.97638564147608
12133    0.6492475640204445
13225    7.109539199913766
14314    3.628128494124211
12136    0.7148647182828767
13222    6.905785217464577
14311    3.3265978453694145
12135    0.6300390430023887
13223    7.069075069031313
14312    3.099864900518069
13226    7.219593713063264
14315    5.42009307766984
14316    3.5589139136505286
12141    -0.5066684397981838
13231    5.427907329782531
13232    5.343325417285333
14321    0.06203013273605091
12143    -0.4695238264364817
12142    -0.45896329834861016
24123    0.014728464708916263
24124    0.0
24125    0.0
24126    0.0
24121    0.0
24122    0.0
12145    -0.5254801733779823
13235    5.8688042371614095
14324    0.2552923447804332
12144    -0.34487351478848427
13236    5.505815692323811
14325    0.1633792633881681
13233    5.260185914769019
14322    0.012543236057011957
12146    -0.4618665637929431
13234    5.523949441565551
14323    0.17082437846285736
14326    0.11136222064538315
13441    18.156267255120977
23243    1.6355633472583238
24333    1.3563058879620478
34143    0.0
23244    1.702315699212941
24332    1.3166742697789169
34142    0.0
23245    1.7182103206863628
24335    1.4386422112186774
34141    0.0
23246    2.655700753866482
24334    1.2806350789981593
24336    1.3349382891666102
34146    0.0
23241    1.9856928387842925
24331    2.0790393747954754
34145    0.0
23242    1.936386752734845
34144    0.0
12112    1.7657940634032703
13444    18.095736420587354
12111    1.7858940444604132
13445    18.14726801578361
12114    1.7888191772512707
13442    18.011169436176868
12113    1.7611600895980293
13443    18.157580561237495
12116    1.7729453244128304
12115    1.778155079267931
13446    18.198399948256387
12121    1.6751674765747515
24344    2.201957982605644
34132    0.00726911984081195
24343    2.2096278463335612
34131    0.015098478324661137
24346    2.1230588145520906
24345    3.6729909368632816
34136    0.015209585184179128
34135    0.07742878775038034
24342    1.8496961921852113
34134    0.02238757910925979
24341    2.171490423820714
34133    0.02246954867206816
12123    1.541664808455399
13213    7.960407480760626
12122    1.6370636212011713
13214    7.922902172928472
12125    1.5294117353896872
13211    7.403065275201659
12124    1.950972157090537
13212    7.60149260697112
12126    1.552726003614073
13215    7.975134401754971
13216    7.870595882443429
11241    1.4587237248721594
22132    0.09917961683624837
23221    6.82656230542365
24311    0.8836912632191367
34121    0.08599084385428442
22133    -0.1513612189903523
23222    6.856964821381001
22134    0.004708147816722452
23223    6.740791641970147
24313    0.7730135639848872
22135    0.22840204866504393
23224    6.788829649884611
24312    0.9522920778195342
22136    0.15391907321623305
23225    7.076293913812858
24315    0.711239593452523
23226    6.906407561821455
24314    0.7248669567507803
24316    1.5493618924324961
34126    0.09758535263134714
34125    0.10705746500472903
34124    0.008210576959368276
34123    0.21736224014699373
22131    0.04158268011966102
34122    -0.09025158226204774
11243    1.4370155260185058
12333    12.342217086926613
13422    18.22089741766321
11242    1.3717992038906852
12334    12.408446776058678
13423    18.219471708838192
11245    1.435596304802465
12331    12.484295828397777
11244    1.2864693825007607
12332    12.414770601388515
13421    18.14056829536545
13426    18.195429377361787
11246    2.4346564489472757
12335    12.549878525853302
13424    18.250166027122123
12336    12.46139356707942
13425    18.181853658762837
12341    11.397057246699896
22143    -0.48187527254116375
23232    5.194395332526024
24322    3.656805464493619
22144    -0.4904714200600327
23233    5.055500040150042
24321    2.154820276217332
22145    -0.3040437158235783
23234    5.048307996830613
24324    2.530573082803413
22146    -0.3945515701418957
23235    5.793122761938344
24323    2.469598279933811
23236    5.112436595096909
24326    1.7868165935272378
24325    2.0579945133333113
34116    0.6879968877053927
34115    0.3645058611281764
34114    -0.02534648390798512
34113    0.2632729422000828
22141    -0.3899466542786061
34112    0.16631118060052677
22142    -0.4621621207104295
23231    5.3257792482472555
34111    0.10985995911459943
12344    11.659327676073632
13433    19.088513563201882
12345    11.651013110033487
13434    19.12084613165799
12342    11.385287250729393
13431    18.740391037148278
12343    11.68619664302422
13432    18.80754894405564
12346    11.745836265504353
13435    19.249328739103102
13436    19.10299965665611
41312    14.721233848221631
41311    14.668628841513819
41316    14.846998223495431
41315    14.997767812663664
41314    14.76726161473233
41313    14.796509341928855
14133    0.0
14134    0.0
14131    0.0
14132    0.0
14135    0.0
14136    0.0
14141    0.11040026652330603
14144    0.03921239529945015
14145    0.05496410390579397
14142    0.033199838994719746
14143    0.05155986899968723
14146    0.046668967765556714
14111    0.4434585386192555
14112    0.5305993525460198
14115    0.5741139991039205
14116    0.7956245274564863
14113    0.4817844813276372
14114    0.479355928662213
14122    -0.05483891863184579
14123    -0.004737060580241287
14121    0.42551143717256906
14126    0.009067556108067113
14124    0.08558278716875663
14125    0.11521207662872655
21424    20.360036752957466
42123    1.7603219473572311
43212    8.401702125959043
21423    20.416705406897485
42124    1.6117094461768595
43213    8.606139668836938
21422    20.324108357266905
42125    1.8927570702063286
43214    8.634374815529934
21421    20.299013779770387
42126    1.6819424907437184
43215    8.488727734675852
42121    1.7756342840210548
42122    1.7293817967632419
43211    8.591022205681318
43216    8.604573828869981
21426    20.40877964407201
21425    20.41897945376585
31234    5.949376017997576
32324    13.510850013857407
33413    12.950194704790409
31233    5.969726591625811
32325    13.567237923225951
33414    12.4426734678388
31236    6.165886846156901
32322    13.491351486821008
33411    12.304610348202381
31235    6.159750840991839
32323    13.46782062175083
33412    14.241244394077214
32321    13.45848746330525
31232    6.1671865837098965
31231    6.097585670529204
32326    13.50339322538567
33415    12.56804211565536
33416    12.722785806947808
21435    20.050509779083427
42112    2.2293286159452457
43443    18.481065807444125
21434    19.992544189985704
42113    2.292355328335709
43444    18.431255406069443
21433    19.888393363934984
42114    2.2875876154189823
43445    18.47685964164581
21432    20.042905537215542
42115    2.29269031026394
43446    18.665219832855534
21431    20.078128250156954
43441    18.19262107923427
42111    2.2867763568291726
43442    18.190395986915018
42116    2.2941982827572414
21436    20.043095687605884
31223    7.1247532264701805
32313    14.761280910247942
31222    7.1517570002408775
32314    14.785712843426607
31225    7.251182664875665
32311    14.697624251947632
31224    7.010873721809473
32312    14.686772839289702
31221    7.061592113674939
31226    7.190278811547728
32315    14.675643368570533
32316    14.943614649801228
42343    11.738946276987926
43432    19.047960461175634
42344    11.746815717038944
43433    19.265916496396994
42345    11.829634318244215
43434    18.92923974025413
42346    11.781073139949413
43435    19.13812944980862
42341    11.770427483232996
42342    11.735306286655703
43431    18.95977603474819
43436    19.063059255540754
31212    8.189216515223753
31211    8.169759254607895
31214    8.281137591824594
31213    8.296491000976916
31216    8.410724159418383
31215    8.233195544971403
21413    23.260658086026627
41242    3.33280084568633
42332    12.530620485014934
43421    18.714098353068103
21412    23.55750209939312
41241    2.8041445009177433
42333    12.619180948570976
43422    18.36999966631432
21411    23.275372291445052
42334    12.62228087276222
43423    18.66769962853768
42335    12.64474933692125
43424    18.83194724538471
41246    3.0320096246539454
41245    2.7935461333156493
41244    2.883663378399609
41243    2.97216549707631
42331    12.44072708102108
42336    12.625153599855626
43425    18.944064986446207
21416    23.345626315486523
43426    18.70651506019803
21415    23.358756849039715
21414    23.264483325982503
31443    18.387996706416118
31442    18.51162935006331
31445    18.55607009423988
31444    18.4891994090257
31441    18.681115471303983
31446    18.554551677319807
41231    5.968670323353167
42321    13.604327208359344
42322    13.625357972376579
43411    14.512018912582672
42323    13.614130680983456
43412    13.71255692622036
42324    13.64264589985949
43413    14.896670966699851
41235    6.150989859585821
41234    6.004045006128211
41233    5.987772835496816
41232    5.9332829641080815
41236    5.955784594831994
42325    13.637409918329723
43414    15.040282575308357
42326    13.691203578124828
43415    14.27765885282354
43416    16.54898503582003
31432    19.855511025717043
31431    19.791120482132794
31434    19.768738974364897
31433    19.82394044193646
31436    19.856943472147695
31435    19.844600284936817
42311    15.053974399197863
42312    14.982325804187381
42313    15.082161559902573
41224    7.809425151445137
41223    7.809274706042655
41222    7.78612531656799
41221    7.680683385771843
41226    7.842737385902613
41225    7.809808968843489
42314    15.045105329901066
42315    15.317849149975572
42316    15.001546287284244
31421    20.66552445341117
31423    20.673265459069892
31422    20.657682131703382
31425    20.644171132758903
31424    20.657976068875406
31426    20.66724366647139
41213    8.217929335195182
41212    8.212783140539374
41211    8.229012286375424
41216    8.303513187580029
41215    8.240270646932506
41214    8.123224215848158
31412    23.41348633335895
31411    23.59734086136205
31414    23.519256321488356
31413    23.567284587542403
31416    23.529754626578093
31415    23.653521977081123
41444    18.82022434255561
41443    18.762686875238153
41442    18.80341376477258
41441    18.710765057281755
41446    18.766238728592285
41445    18.905624584228296
44144    0.01811583276136946
44143    -0.015977643030487085
44146    0.016129176046507352
44145    0.04153131723408831
23441    18.31639050697155
34341    0.3772682507914843
22111    2.6722741041957954
23442    18.289837334648915
22112    2.6568953909329958
23443    18.132357854822814
22113    2.5372825144259314
23444    18.045917352166345
22114    2.5917413354244316
23445    18.300972912472904
22115    2.782380909267918
23446    18.268026531131834
22116    2.705011260883924
34346    0.9138644057311166
34345    0.4012137376168457
34344    0.29278051279803075
34343    0.25057285032115273
34342    0.461416951005862
11221    6.993715425662311
11223    7.041201891246903
12312    14.662704862847507
44142    0.01446589277347565
11222    7.050268722506994
12311    14.610861473906665
44141    0.03594491980418641
11225    7.228166867488359
12314    14.751672381202168
11224    6.931814834973411
12313    14.75061236011492
12316    14.845468127145104
11226    7.224324280440501
12315    14.631662670837276
44136    -0.005039844360351566
44133    -0.005039844360351566
44132    -0.005039844360351566
44135    -0.014918841734680187
44134    -0.005039844360351566
22121    0.8372902988169322
22122    0.8577087448914347
23211    8.036165072125847
33241    2.0725717211136097
22123    0.8135504252609671
23212    8.049928941671105
22124    0.8030762481148299
23213    7.885354734526284
22125    0.9132402911300951
23214    7.771973442741596
22126    0.8365136749776919
23215    8.039209033269852
23216    8.164501676696831
33246    2.524719508305161
34336    2.299134008531825
34335    2.94523817084566
33244    2.0817905714203153
34334    2.709955595037042
33245    2.1781275869772667
34333    3.827964372167235
33242    2.0738728808560962
34332    2.685320058114139
33243    1.8961362765040564
34331    2.735981201861946
11232    6.463741080812033
12321    13.506644960528487
13411    14.356756886430809
11231    6.496110693452808
13412    14.265663989415502
11234    6.400500460122653
12323    13.527414910963255
44131    0.0
11233    6.8203547560661795
12322    13.551904933763906
11236    6.461959838186198
12325    13.462178850062053
13415    16.47068597654914
11235    6.487868182019476
12324    13.482271491229762
13416    14.54995763177006
13413    13.9225150160274
12326    13.512278200596644
13414    14.294636733373359
44126    0.07800105980160275
44125    0.01911043112338917
21246    3.558910953333914
21245    3.084001194758102
21244    2.795898609755881
44122    0.04599066043687424
21243    2.865325372760867
44121    0.03538172212049189
21242    2.8399361198360857
44124    0.15565316384482084
21241    2.740229646139534
44123    0.0540710348349192
22331    11.637989205498611
32141    -0.2022090390765544
22332    11.737769252570912
23421    18.59149909839639
22333    11.953346488717395
23422    18.656995621892296
22334    11.972822512662962
23423    18.751997954537295
22335    11.95618941006286
23424    18.857406100547582
22336    11.96947012252338
23425    18.882044337954362
23426    18.915983765894953
34326    1.4362845152453667
32146    -0.17975704618239344
33235    5.84211293511807
34325    0.5772894140822856
33236    5.4273785362180025
34324    0.5392882256615978
32144    -0.21752883564158387
33233    5.1793997719995755
34323    0.5350756133794359
32145    -0.2362776743385348
33234    5.124235087111347
34322    0.5804275615861335
32142    -0.2814209114491198
33231    5.316530129224551
34321    0.7641640061219572
32143    -0.21105162386178256
33232    5.141855355758764
11441    18.722384619957786
11443    18.775507193232894
11442    18.70421755780248
11445    18.925246015062612
11444    18.807454770944094
11446    18.805583974864035
44115    0.16023156873760075
44114    0.2189694546630283
44116    0.18397731270701273
44111    0.016588982117583726
44113    0.1986661450362317
44112    0.2091945240928103
22341    12.091326657331079
22342    12.100280373795234
23431    19.07764962946547
22343    12.037680816550246
23432    19.089544961511294
22344    11.959502064480967
23433    18.823473556465046
22345    12.088341734543159
23434    18.8355837078023
22346    12.273876902605515
23435    18.95968725911215
23436    19.481027238528185
33226    7.554369124441654
34316    2.3041199750417998
34315    2.4061710623048773
32135    0.18257977016679827
33224    7.478456922555187
34314    2.088232799561054
32136    0.16947115703547397
33225    7.671900267749208
34313    2.4253033804741113
32133    0.05662688127544816
33222    7.624113048752105
34312    3.941266795333904
32134    0.06622072631041766
33223    7.546942555046784
34311    1.8318479247682031
32131    -0.012275750897464317
32132    0.132230876581447
33221    7.533995998492989
11212    8.778686510194534
11211    8.789481572340124
11214    8.758970844277659
11213    8.612634144724463
11216    8.723519168889295
11215    9.098636593999023
21226    7.363072008697872
22316    14.58160538012716
44346    0.4956550801213466
21225    7.2197651179499935
44345    0.34721124111766477
21224    7.126897019940938
21223    7.2236878301584335
21222    7.1773694447266285
44342    0.8072268957979268
21221    7.228817388171113
44341    0.17016738393329123
44344    0.3814734506508167
44343    0.27717191708329286
22311    14.693765409199587
22312    14.525836758586927
22313    14.573203535718882
22314    14.64411595283027
22315    14.576573665474067
32126    1.3844062431739905
33215    8.29164714784328
11426    21.07822703727735
33216    8.258833501138344
32124    1.2337006019557946
33213    8.250645076997126
32125    1.307634076896637
33214    8.256230902378046
32122    1.296345456543217
33211    8.151571582080262
32123    1.265594552459865
33212    8.271091215912413
32121    1.259027800248388
11421    20.91218641868313
11423    20.956484740789403
11422    20.94764604593645
11425    20.972743293613444
11424    20.98847314939387
23416    18.079077554599714
43245    2.2756281458523087
44335    1.2653031657369125
21236    6.363829829851223
43246    3.253006172578091
44334    2.2903367395828176
21235    5.979235269562004
21234    5.813813807902435
44336    1.0635670653086906
21233    5.87631621979186
43241    2.4506477367278525
44331    1.287120490330085
21232    6.066616119312371
43242    2.317112798415985
21231    6.120470491600679
43243    2.262741413315608
44333    1.2735984340795312
43244    2.4651785301853515
44332    1.1414594641176659
22321    13.999026021911135
22322    14.009096507029394
23411    16.35549337579266
22323    13.938383714372751
23412    16.382228645744686
22324    13.925988019122261
23413    15.95920331669574
22325    14.188856500329535
23414    16.295783637324927
22326    13.974180965871923
23415    15.971540691967052
32115    2.830983568434677
33446    19.111410938506342
32116    2.839290988915771
32113    2.788683904173337
33444    18.97095943142299
32114    2.7903642590628492
33445    19.20770191887964
32111    2.8249018722788306
33442    19.058914756564555
32112    2.8194060054983234
33443    19.133329733551157
33441    19.06292771727198
11432    19.338585495689387
11431    19.357024127365044
11434    19.221074315743817
11433    19.267943154221527
11436    19.245966469535826
11435    19.36831363292337
21446    19.175578360631484
42145    -0.5653597804305568
43234    5.446988424160065
44324    1.2260330085962152
21445    19.493872890650533
42146    -0.5819950628198728
43235    5.4481316375359725
44323    1.0922271425504975
21444    19.349530626324142
43236    5.499802227827619
44326    0.8993400172608946
21443    19.285404073570696
44325    2.537428190349929
21442    19.3227688521006
42141    -0.5644369457691543
21441    19.237837538546387
42142    -0.5777537278765613
43231    5.435238284894639
42143    -0.6183822456532604
43232    5.504469157139814
44322    1.2356812710710243
42144    -0.5425956736181158
43233    5.4953411231752005
44321    1.1368609713474658
32346    12.12889683679842
33435    18.708268549978417
33436    18.769996192939768
32344    11.969441394493806
33433    18.364382934496767
32345    12.243897383017398
33434    18.443189519797997
32342    12.13471928740064
33431    18.623273596263274
32343    12.048890839519057
33432    18.64677259254877
32341    12.105969215718947
21215    8.400487524922182
42134    0.7394312070897506
43223    7.393716816927127
44313    0.12621736373689524
21214    8.309443272486956
42135    0.8379475564397517
43224    7.536476082181752
44312    0.09466822084356598
21213    8.204415194951808
42136    0.7067264195039035
43225    7.762926002598531
44315    0.23570647373294457
21212    8.296934433086953
43226    7.388266800996687
44314    0.6382237890976227
21211    8.300382647610803
42131    0.6629053033512018
42132    0.6005290528297521
43221    7.425030225328549
44311    0.10548179105372069
42133    0.6044773902647329
43222    7.250160856104387
44316    0.064255837434803
21216    8.327484502298763
11416    24.39528414781472
31245    3.942289483254955
32335    12.890568172871614
33424    19.566242089421138
11415    24.360858916715646
31244    3.078695393024985
32336    12.968978426047073
33425    19.882229118158907
32333    13.013769709877518
33422    19.7471084791176
31246    3.1996365411338243
32334    12.960742246893501
33423    19.61847354877942
31241    2.9796967973834376
32331    12.921888470734066
32332    12.931488269761841
33421    19.67065383202356
31243    2.953752523487568
31242    3.0640514746432324
11412    24.426454635744303
11411    24.38145461806489
11414    24.46245572608501
33426    19.63141576516741
11413    24.479328211161352
13121    0.15454151250003187
13122    0.16298580279839406
14211    1.8634000349094446
13125    0.22209990750304381
14214    1.5401206469108133
13126    0.16105781983925166
14215    1.9960636432475496
13123    0.15606039215062495
14212    1.7119337696341361
13124    0.07445235849165271
14213    2.3505906869003703
14216    1.7630720273853087
13132    -0.18510573856892323
14221    1.5825098707534644
13133    0.09286153231643587
14222    0.761272162794083
13131    -0.35911846007486486
13136    0.12501507614705104
14225    1.0145971839652783
14226    0.8679020931713802
13134    0.09564331819817927
14223    0.9339734925577715
13135    0.15939981605835027
14224    0.9886456809261692
13341    10.785458935006178
13342    10.812013444079472
14431    4.530455147415093
23144    -0.03423295892519404
24233    0.2431718622460092
23145    -0.031949919540970165
24234    0.585778549092756
23146    -0.0320012642750548
24235    0.34234036451844213
24236    0.22256246312787675
23141    -0.03608332241294212
23142    -0.028953501788845565
24231    0.32816502864170477
23143    -0.03430222808939166
24232    0.17080404615915948
13345    11.241530863832397
14434    2.8521349770829882
13346    10.950736293166768
14435    2.4972041804428025
13343    10.853223175402919
14432    2.180149884193519
13344    10.854643906964625
14433    2.6602403896874596
14436    3.1499598391961996
14441    4.883099290269687
13111    1.6611073027953362
14442    5.3932162119282205
24244    0.016236318355135886
24245    0.23932777622377574
24246    0.14051876222846932
24241    0.19245581225589833
24242    0.05068008031423924
24243    0.07139349016038754
13114    1.8998115798442
14445    5.806457386398631
13115    1.9163536560324423
14446    4.95657759445017
13112    1.870991636759976
14443    7.14304404074807
13113    1.961074704598273
14444    5.204336437719027
13116    1.9506216023293093
11142    -0.037021100803532256
12231    5.918321154020916
11141    0.008625662845196362
23122    0.4532797389309658
24211    1.5691001340346507
23123    0.6371183322764816
24212    1.3005014101906889
23124    0.5763436982744282
24213    1.2430967385418723
23125    0.67994497241885
24214    1.1074589432174187
23126    0.6259589171099862
24215    2.551401918185238
24216    1.540228534759123
23121    0.3320990409372478
11144    -0.02863929283587301
12233    5.933741312563382
13323    13.104241514175511
14412    0.2740489679321626
11143    -2.1954045638857076E-4
12232    5.852937400718589
13324    13.128201948986128
14413    0.166977353054754
11146    0.07161224779228968
12235    6.0490429478623255
13321    13.101391516575164
11145    -0.0625740483011324
12234    5.839805627649475
13322    13.006232830958936
14411    0.4254831163603177
14416    0.15498723779419843
12236    5.825454155946043
13325    13.19490022832232
14414    0.6945864365151023
13326    13.225532256429625
14415    0.16370891606413332
13331    11.964393443333785
12242    4.220933363368554
12241    4.406964728482471
23133    -0.63807543652773
24222    0.6462628916224908
23134    -0.21286601172953742
24223    0.8257663860536657
23135    -0.17431626461545535
24224    0.8042574418141746
23136    -0.0890016579320276
24225    1.654301419337031
24226    0.6580180999982272
23131    -0.12127899019780362
23132    -0.0799762667123133
24221    0.7000567321790525
12244    4.467560332743727
13334    11.942086713725033
14423    1.7309053743892429
12243    4.5812337611148495
13335    12.075172783707027
14424    0.767536550794172
12246    4.743797125621313
13332    11.990029764158773
14421    0.9773183906878559
12245    4.457938344813855
13333    12.003220701653255
14422    0.9911991536182464
13336    12.03593042091108
14425    0.6058980046012484
14426    0.6468537824021268
23342    9.765352751528814
24432    0.5545948993936365
34242    0.0
23343    9.550604592160125
24431    0.507499727400358
34241    0.0
23344    9.471499045560698
24434    0.8698506826597462
23345    9.706121863124187
24433    0.8128265943683418
23346    10.088181647467875
24436    0.5069570342413929
24435    1.9835509300348626
34246    0.0
34245    0.0
34244    0.0
23341    9.526561093694774
34243    0.0
11122    1.1544648700323852
12211    8.234532871948252
11121    1.1014803973100618
11124    1.022168369073165
12213    7.944047980019454
11123    0.8755060202772286
12212    8.228051253382032
11126    1.1330455090894755
12215    8.274667332628047
11125    1.2708550658623656
12214    8.229780082268695
12216    8.164337233073534
11131    0.15016396549477987
23111    2.359426304116824
24443    4.49504237910754
33141    -8.76469702039582E-4
34231    0.3367080617509456
23112    2.316263090395501
24442    6.450895542004816
33142    0.0035117290231517855
23113    2.2685478380399458
24445    4.673846104373609
23114    2.3463273255273895
24444    4.687533709892073
23115    2.299060845598433
23116    2.5007412444403108
24446    4.817912815278244
34236    0.33395371324019885
33145    -0.0014614423524509145
34235    0.21814337350379667
33146    0.03766476394696862
34234    0.2876124115216846
24441    3.528811454838983
33143    0.001937521361470683
34233    0.202867556337499
33144    0.005745849388795703
34232    0.49229974302369855
11133    0.3179304174395551
12222    6.84721487692972
13312    12.922943961093848
11132    0.1266517440020423
12221    6.99186628913443
13313    12.981096175794617
11135    0.38291451072240484
12224    7.017671018939279
11134    0.2587663153511783
12223    6.966686562542537
13311    13.066269378974566
12226    7.038119366518615
13316    13.170661567693221
11136    0.23059879145593232
12225    6.994208751503744
13314    13.016485883047356
13315    13.121513812426597
41433    19.749494105441332
41432    19.563371531829688
41431    19.463217717411354
41436    19.714191899402174
41435    19.843006402730648
41434    19.612959321264597
41422    21.232620298877254
41421    21.07080209827251
41426    21.095552415728093
41425    21.08755182282193
41424    21.045593939584364
41423    21.109910907855866
41411    23.11736981578209
41415    23.401657956249863
41414    22.961687374632636
41413    23.001175267038636
41412    23.13578282907849
41416    23.141720324355564
13143    -0.5781106060193604
14232    0.3100507351333985
13144    -0.32339184807183147
14233    0.4792446834797869
13141    -0.26554721151974847
13142    -0.2492812171561607
14231    0.5271558891178332
14236    0.8248898174198501
13145    -0.2883831899657698
14234    0.46851002389308716
13146    -0.2868555031938759
14235    0.45794000189866946
14243    0.35062041735618155
14244    0.3004046886233418
14241    0.16840596467771982
14242    0.11730673030206153
14245    0.18519190006082178
14246    0.2216157450429719
